img295_jpg.rf.0d8455ec8eb0a8111b4590a9e14af8d7.jpg 160,31,228,255,0 310,38,374,252,0 237,81,307,310,0 56,120,111,308,0 114,269,299,415,0
img294_jpg.rf.0606381bb3646295998742e8065acc8f.jpg 105,92,204,330,0 222,98,318,329,0
img267_jpg.rf.1b9b416d06b88565aafb30175de5ba34.jpg 149,116,271,381,0
img424_jpg.rf.2093f6a5bf4aeacd914da397c92b293a.jpg 150,57,231,308,0 246,76,363,329,0 38,94,134,334,0
img321_jpg.rf.21feb99d8cb6c8905da12d7ed8777e51.jpg 295,69,413,369,0
img288_jpg.rf.0d44b30756babe6c6601f1c8e67417a8.jpg 66,75,199,359,0 207,71,351,368,0
img283_jpg.rf.4886ecc235007504e91a62f5af2b8d08.jpg 132,68,290,375,0
img245_jpg.rf.4834cb579e60b47093c5fee13ac47446.jpg 102,22,303,404,0
img277_jpg.rf.4071ef733e69b5749a279d334b3349ab.jpg 118,83,288,406,0
img285_jpg.rf.3f82fc0482a2de33c417bfba6dec9408.jpg 148,11,257,373,0
img296_jpg.rf.0a50db730b6a11e4a93f8cffd7c4905a.jpg 36,30,156,376,0
img318_jpg.rf.48c66d207da2c45c2a61b06955072297.jpg 253,99,311,268,0 189,108,249,274,0 300,132,355,277,0 107,118,175,297,0 36,128,100,324,0 233,147,291,308,0 338,152,402,313,0 273,168,340,336,0 152,193,198,338,0 63,210,127,359,0 183,222,255,370,0 106,236,177,395,0
img286_jpg.rf.6818d3b3121cf58bcb7295038e87e05a.jpg 151,85,263,368,0
img419_jpg.rf.72b33d29aa8f47e7e83cc812d5b8aa57.jpg 49,71,364,345,0
img293_jpg.rf.0280126653b4c8e2f7a3f98d61bfbbea.jpg 93,23,325,399,0
img281_jpg.rf.694d3efec301f07b0f2c3cfbfa573ddb.jpg 188,94,361,171,0 67,129,235,275,0 153,276,325,357,0 30,248,119,414,0 0,29,158,139,0
img275_jpg.rf.0891743bf0e88897adf8a4ff14589d1f.jpg 325,107,408,324,0 13,111,102,332,0 132,114,222,339,0 250,119,340,345,0
img280_jpg.rf.85e1fb46d9e4dc85c9d649ff717823b6.jpg 126,31,297,409,0
img266_jpg.rf.a16ec7add46082e7cb90f8dd97fab56f.jpg 119,19,298,412,0
img310_jpg.rf.586eb4654f64fe42ed19b276c2233642.jpg 278,5,410,267,0 44,226,238,404,0
img468_jpg.rf.b4a846e20e571b6d9cc1a627b56cb75e.jpg 52,111,177,399,0 244,111,370,399,0
img298_jpg.rf.983e8417c4f8086de590642c12fac998.jpg 91,25,301,390,0
img307_jpg.rf.a7431d4a5f4d898e94ef7fd0a411da3b.jpg 145,30,270,388,0
img315_jpg.rf.cec793764bf1dd809e0d54f2cce34c48.jpg 128,69,293,388,0
img425_jpg.rf.a2a14ac2029b04778cd6ef15cb6e6145.jpg 143,63,263,363,0
img448_jpg.rf.7daab29362a38afea5426ea2437e18ae.jpg 127,42,280,349,0
img269_jpg.rf.c38b1fa1e172c5b29ae780aa3990658a.jpg 104,43,324,382,0
img284_jpg.rf.9b47cf4d38b5a04e6d74dc85e26961b8.jpg 34,64,372,367,0
img427_jpg.rf.b6be869f891045b2423076cfc7132e77.jpg 140,65,300,372,0
img289_jpg.rf.3e106e564df374384ffa856fecdd5794.jpg 107,44,331,382,0
img317_jpg.rf.7aa70c6ff6b003dd9f9d230bb0c65046.jpg 149,16,275,403,0
img297_jpg.rf.d6a350e80ae9296342b8127760b606e8.jpg 33,17,388,412,0
img322_jpg.rf.d32051de03d68b29832d620ce657dae6.jpg 216,75,326,322,0 96,75,204,324,0
img313_jpg.rf.e76ced6d1d7472cf080568d5743a2d05.jpg 138,34,275,391,0
img279_jpg.rf.acb819960557e14f34d033ce2023f95a.jpg 126,25,294,394,0
img271_jpg.rf.fd01ba84ff4d8578cff9a491f25b444c.jpg 87,62,304,354,0
img432_jpg.rf.c4efa36b06ae18c37492f861887fb895.jpg 162,20,265,380,0
img265_jpg.rf.f45589e21bbd28b086719c975a821221.jpg 29,104,113,406,0 165,106,246,406,0 298,104,380,408,0
img274_jpg.rf.e179266c8a6458a63e0cf49a34a63295.jpg 9,64,157,224,0 24,138,186,210,0 73,226,143,368,0 283,227,355,375,0 149,251,228,407,0 228,253,306,407,0 233,7,285,172,0 91,4,140,177,0 158,13,213,183,0
img323_jpg.rf.ee31a26c7e7479228b438f407dadf7cb.jpg 80,58,325,415,0