0 0.6778846153846154 0.4411057692307692 0.13942307692307693 0.4074519230769231
0 0.5264423076923077 0.45913461538461536 0.14302884615384615 0.39783653846153844
0 0.7860576923076923 0.49158653846153844 0.13221153846153846 0.3473557692307692
0 0.3389423076923077 0.49759615384615385 0.1622596153846154 0.43028846153846156
0 0.16346153846153846 0.5432692307692307 0.15264423076923078 0.4723557692307692
0 0.6298076923076923 0.5456730769230769 0.13942307692307693 0.3870192307692308
0 0.8894230769230769 0.5588942307692307 0.15504807692307693 0.3870192307692308
0 0.7367788461538461 0.6057692307692307 0.1622596153846154 0.4026442307692308
0 0.41947115384615385 0.6382211538461539 0.11057692307692307 0.3473557692307692
0 0.2283653846153846 0.6838942307692307 0.15264423076923078 0.35697115384615385
0 0.5264423076923077 0.7115384615384616 0.17307692307692307 0.35697115384615385
0 0.3401442307692308 0.7584134615384616 0.16947115384615385 0.38221153846153844